Index,Stimulus,Background,Surrounding,Jump,Color,GapsR_1,GapsR_2,GapsP_1,GapsP_2,GapsP_3,GapsP_4,GapsP_5,Time,Match
1,0.075,0,10,2,1,2,6,6,2,,,,1.3814559,1
2,0.075,0,12,5,1,8,6,8,6,,,,1.2491345,1
3,0.075,0,17,10,1,8,,8,,,,,1.2065431,1
4,0.075,0,27,-10,1,2,6,6,,,,,2.2270791,0
5,0.075,0,17,2,1,2,4,2,4,,,,1.4516035,1
6,0.075,0,19,5,1,6,4,6,4,,,,1.3080205,1
7,0.075,0,24,10,1,2,8,8,2,,,,1.3789245,1
8,0.075,0,34,17,1,2,,2,,,,,1.2007984,1
9,0.075,0,51,-17,1,8,2,2,,,,,2.7156226,0
10,0.075,0,34,2,1,4,8,8,4,,,,1.5904727,1
11,0.075,0,36,5,1,8,,8,,,,,1.6893771,1
12,0.075,0,41,10,1,4,,4,,,,,2.2376923,1
13,0.075,0,51,17,1,6,,6,,,,,2.2237536,1
14,0.075,0,68,-17,1,8,4,8,,,,,3.0068498,0
15,0.075,0,51,1,1,6,4,4,,,,,2.7285706,0
16,0.075,0,52,2,1,2,,2,,,,,4.1495073,1
17,0.075,0,54,5,1,6,4,6,4,,,,3.4488748,1
18,0.075,0,59,10,1,8,2,8,2,,,,2.7532469,1
19,0.075,0,69,17,1,8,,8,,,,,4.7909431,1
20,0.075,0,86,-17,1,6,4,-1,,,,,7.3910316,0
1,0.075,0,20,2,2,4,8,8,4,,,,1.2767102,1
2,0.075,0,22,5,2,2,,2,,,,,1.1023319,1
3,0.075,0,27,10,2,8,,8,,,,,0.9755132,1
4,0.075,0,37,17,2,2,8,8,2,,,,1.3354991,1
5,0.075,0,54,26,2,6,,6,,,,,2.3034269,1
6,0.075,0,80,-26,2,2,,2,8,,,,2.3001755,0
7,0.075,0,54,2,2,2,,2,,,,,1.7941377,1
8,0.075,0,56,5,2,2,,2,,,,,1.1670129,1
9,0.075,0,61,10,2,6,,6,,,,,1.2725898,1
10,0.075,0,71,17,2,8,,8,,,,,1.4082875,1
11,0.075,0,88,-17,2,4,2,4,,,,,1.5758471,0
12,0.075,0,71,2,2,8,2,8,2,2,8,2,6.0150827,1
13,0.075,0,73,5,2,2,,2,,,,,1.8145506,1
14,0.075,0,78,10,2,4,8,4,8,,,,1.8804241,1
15,0.075,0,88,-10,2,6,,4,6,,,,1.6993091,0
16,0.075,0,78,2,2,2,6,6,2,,,,1.5474679,1
17,0.075,0,80,5,2,4,6,4,6,,,,1.4873867,1
18,0.075,0,85,-5,2,6,,8,6,,,,1.6480797,0
19,0.075,0,80,2,2,4,8,4,8,,,,1.5111151,1
20,0.075,0,82,5,2,8,,8,,,,,2.557636,1
21,0.075,0,87,10,2,8,,8,,,,,1.4183346,1
22,0.075,0,97,17,2,8,4,8,4,,,,2.078445,1
23,0.075,0,114,26,2,6,,6,,,,,3.0649744,1
24,0.075,0,140,-26,2,6,2,6,,,,,2.7592022,0
25,0.075,0,114,2,2,2,6,6,2,,,,1.5359283,1
26,0.075,0,116,5,2,6,2,6,2,,,,1.5281489,1
27,0.075,0,121,10,2,2,,2,,,,,1.7665345,1
28,0.075,0,131,17,2,2,6,6,2,,,,2.3354468,1
29,0.075,0,148,26,2,4,,4,,,,,2.8164253,1
30,0.075,0,174,-26,2,4,2,2,,,,,3.1022801,0
31,0.075,0,148,2,2,4,,4,,,,,3.432098,1
32,0.075,0,150,-2,2,6,,8,6,,,,1.9525402,0
33,0.075,0,148,2,2,8,6,8,6,,,,1.7677777,1
34,0.075,0,150,-2,2,8,4,6,,,,,1.5033169,0
35,0.075,0,148,2,2,4,6,4,6,,,,2.9999859,1
36,0.075,0,150,5,2,6,,6,,,,,1.80823,1
37,0.075,0,155,10,2,6,,6,,,,,2.3901042,1
38,0.075,0,165,17,2,6,2,2,6,,,,1.9608655,1
39,0.075,0,182,-17,2,4,2,4,,,,,3.0070238,0
40,0.075,0,165,2,2,6,,6,,,,,2.1417235,1
41,0.075,0,167,-2,2,4,6,4,,,,,3.6342767,0
1,0.075,0,10,2,3,6,2,6,2,,,,2.8469456,1
2,0.075,0,12,5,3,8,6,8,6,,,,1.3675626,1
3,0.075,0,17,10,3,4,,4,,,,,2.3105807,1
4,0.075,0,27,17,3,6,8,8,6,,,,1.6475111,1
5,0.075,0,44,-17,3,8,4,4,,,,,2.7598126,0
6,0.075,0,27,2,3,4,8,8,4,,,,1.5598119,1
7,0.075,0,29,5,3,8,,8,,,,,1.487494,1
8,0.075,0,34,10,3,4,,4,,,,,1.4308617,1
9,0.075,0,44,17,3,2,6,2,6,,,,2.1913738,1
10,0.075,0,61,26,3,2,4,4,2,,,,3.9685282,1
11,0.075,0,87,37,3,4,8,8,4,,,,6.2306188,1
12,0.075,0,124,-37,3,2,8,-1,,,,,2.9998559,0
13,0.075,0,87,1,3,2,,4,2,,,,4.951765,0
14,0.075,0,88,1,3,4,2,4,,,,,3.2075081,0
15,0.075,0,89,1,3,8,6,6,,,,,4.9442597,0
16,0.075,0,90,1,3,4,,8,,,,,1.1838702,0
1,0.075,0,50,2,4,2,,2,,,,,1.2922609,1
2,0.075,0,52,5,4,6,,6,,,,,0.9674319,1
3,0.075,0,57,10,4,6,,6,,,,,1.1035867,1
4,0.075,0,67,17,4,4,2,4,2,,,,1.2956511,1
5,0.075,0,84,26,4,6,2,2,6,,,,1.4155696,1
6,0.075,0,110,37,4,4,6,4,6,,,,1.5504729,1
7,0.075,0,147,50,4,4,,4,,,,,1.5915141,1
8,0.075,0,197,50,4,4,8,8,4,,,,2.2333206,1
9,0.075,0,247,50,4,6,4,6,4,,,,2.9661355,1
10,0.075,0,297,50,4,4,,4,,,,,2.2796102,1
11,0.075,0,347,-50,4,6,4,6,,,,,3.2232741,0
12,0.075,0,297,2,4,6,2,6,2,,,,1.8229677,1
13,0.075,0,299,5,4,4,8,8,4,,,,1.9114634,1
14,0.075,0,304,10,4,4,,4,,,,,9.665248,1
15,0.075,0,314,-10,4,8,6,6,,,,,1.5030898,0
16,0.075,0,304,1,4,8,4,8,,,,,1.8310236,0
17,0.075,0,305,2,4,2,,2,,,,,1.9659999,1
18,0.075,0,307,5,4,2,,2,,,,,1.6500725,1
19,0.075,0,312,-5,4,2,6,2,,,,,1.8065227,0
20,0.075,0,307,2,4,4,,4,,,,,2.0963543,1
21,0.075,0,309,-2,4,6,8,6,,,,,1.4471536,0
1,0.075,0,5,2,5,8,,8,,,,,1.2914789,1
2,0.075,0,7,5,5,2,8,2,8,,,,1.287283,1
3,0.075,0,12,10,5,2,4,4,2,,,,1.8558397,1
4,0.075,0,22,17,5,6,8,8,6,,,,1.9122757,1
5,0.075,0,39,-17,5,4,2,8,2,,,,3.1819477,0
6,0.075,0,22,2,5,8,2,8,2,,,,1.5189149,1
7,0.075,0,24,5,5,8,6,6,8,,,,2.5597179,1
8,0.075,0,29,-5,5,2,,8,2,,,,2.9522037,0
9,0.075,0,24,2,5,4,,4,,,,,2.3193272,1
10,0.075,0,26,5,5,2,,2,,,,,1.9911754,1
11,0.075,0,31,10,5,8,4,4,8,,,,2.0629478,1
12,0.075,0,41,17,5,8,,8,,,,,4.2642696,1
13,0.075,0,58,-17,5,6,,8,6,,,,2.1677437,0
14,0.075,0,41,2,5,6,2,6,2,,,,4.1437524,1
15,0.075,0,43,5,5,8,6,8,6,,,,1.7113723,1
16,0.075,0,48,-5,5,8,2,8,,,,,2.464651,0
17,0.075,0,43,1,5,2,4,8,4,,,,1.9190232,0
1,0.075,0,10,2,6,2,6,6,2,,,,1.4091097,1
2,0.075,0,12,5,6,6,,6,,,,,1.2075841,1
3,0.075,0,17,10,6,2,,2,,,,,1.0955844,1
4,0.075,0,27,17,6,6,4,6,4,,,,1.6873722,1
5,0.075,0,44,26,6,4,8,8,4,,,,2.6309886,1
6,0.075,0,70,37,6,4,6,4,6,,,,2.6886191,1
7,0.075,0,107,50,6,6,4,4,6,,,,3.5031864,1
8,0.075,0,157,50,6,4,,4,,,,,3.0310197,1
9,0.075,0,207,-50,6,2,,8,,,,,3.2796504,0
10,0.075,0,157,1,6,6,8,8,,,,,2.1689219,0
11,0.075,0,158,1,6,4,,-1,,,,,3.9099077,0
12,0.075,0,159,1,6,2,4,-1,,,,,0.9186616,0
13,0.075,0,160,1,6,4,8,-1,,,,,0.6090899,0
1,0.075,0,10,2,7,8,6,8,6,,,,5.2384918,1
2,0.075,0,12,5,7,2,,2,,,,,1.5363172,1
3,0.075,0,17,10,7,6,,6,,,,,2.5831384,1
4,0.075,0,27,17,7,2,8,2,8,,,,2.4790497,1
5,0.075,0,44,-17,7,4,,4,2,,,,3.2471488,0
6,0.075,0,27,2,7,2,6,6,2,,,,1.767396,1
7,0.075,0,29,-2,7,8,4,8,,,,,1.5034336,0
8,0.075,0,27,2,7,4,,4,,,,,2.7361417,1
9,0.075,0,29,-2,7,6,8,6,,,,,1.6630003,0
10,0.075,0,27,2,7,4,,4,,,,,2.8792294,1
11,0.075,0,29,5,7,4,8,4,8,,,,2.6311469,1
12,0.075,0,34,10,7,2,,2,2,,,,5.705653,1
13,0.075,0,44,17,7,8,4,8,4,,,,3.4133437,1
14,0.075,0,61,-17,7,6,2,-1,,,,,4.9134441,0
15,0.075,0,44,2,7,2,4,4,2,,,,2.7346626,1
16,0.075,0,46,5,7,6,4,4,6,,,,2.5277245,1
17,0.075,0,51,10,7,6,,6,,,,,3.5038702,1
18,0.075,0,61,17,7,4,,4,,,,,4.1909716,1
19,0.075,0,78,26,7,8,,8,,,,,3.6309752,1
20,0.075,0,104,-26,7,8,6,2,,,,,3.5037802,0
21,0.075,0,78,1,7,4,,-1,,,,,3.1842946,0
22,0.075,0,79,1,7,8,4,4,,,,,4.3429842,0
23,0.075,0,80,1,7,8,2,2,,,,,3.7517224,0
24,0.075,0,81,1,7,4,6,4,,,,,1.4719009,0
