Index,Stimulus,Background,Surrounding,Jump,Color,GapsR_1,GapsR_2,GapsP_1,GapsP_2,GapsP_3,GapsP_4,GapsP_5,GapsP_6,GapsP_7,GapsP_8,Time,Match
1,0.075,0,10,2,1,2,6,6,2,,,,,,,6.6527546,1
2,0.075,0,12,5,1,8,4,4,8,,,,,,,1.7389008,1
3,0.075,0,17,10,1,4,,4,,,,,,,,1.0786029,1
4,0.075,0,27,17,1,6,8,8,6,,,,,,,1.8669494,1
5,0.075,0,44,-17,1,4,,6,4,4,4,4,4,4,4,11.998541,0
6,0.075,0,27,2,1,4,8,4,8,,,,,,,3.1746441,1
7,0.075,0,29,5,1,2,,2,,,,,,,,4.3579991,1
8,0.075,0,34,10,1,8,4,4,8,,,,,,,2.0850652,1
9,0.075,0,44,17,1,6,2,2,6,,,,,,,2.4611994,1
10,0.075,0,61,26,1,2,4,4,2,,,,,,,3.7279065,1
11,0.075,0,87,37,1,6,4,6,4,,,,,,,5.6948201,1
12,0.075,0,124,50,1,6,,6,,,,,,,,10.6266684,1
13,0.075,0,174,50,1,4,,4,,,,,,,,26.9810965,1
14,0.075,0,224,-50,1,8,,-1,,,,,,,,10.007466,0
15,0.075,0,174,1,1,8,6,4,6,,,,,,,8.0893241,0
16,0.075,0,175,1,1,4,,4,2,,,,,,,8.4345894,0
17,0.075,0,176,1,1,8,4,8,,,,,,,,8.9901162,0
18,0.075,0,177,1,1,8,2,8,6,,,,,,,9.9967657,0
1,0.075,0,20,2,2,4,6,4,6,,,,,,,5.1923663,1
2,0.075,0,22,5,2,2,4,4,2,,,,,,,1.679708,1
3,0.075,0,27,10,2,4,,4,,,,,,,,1.3833306,1
4,0.075,0,37,17,2,4,,4,,,,,,,,1.0949381,1
5,0.075,0,54,26,2,8,4,4,8,,,,,,,1.6076866,1
6,0.075,0,80,37,2,8,2,8,2,,,,,,,1.8627764,1
7,0.075,0,117,50,2,2,6,6,2,,,,,,,2.207689,1
8,0.075,0,167,50,2,4,8,4,8,,,,,,,3.4316581,1
9,0.075,0,217,50,2,6,4,6,4,,,,,,,3.4964768,1
10,0.075,0,267,50,2,8,,8,,,,,,,,11.6956784,1
11,0.075,0,317,-50,2,4,2,8,4,,,,,,,12.5191913,0
12,0.075,0,267,2,2,6,8,6,8,,,,,,,5.6955894,1
13,0.075,0,269,5,2,2,,2,,,,,,,,6.4313748,1
14,0.075,0,274,10,2,4,,4,,,,,,,,4.4160571,1
15,0.075,0,284,17,2,4,2,4,2,,,,,,,5.0234676,1
16,0.075,0,301,26,2,2,,2,,,,,,,,10.3200666,1
17,0.075,0,327,37,2,6,8,8,6,,,,,,,4.7128986,1
18,0.075,0,364,-37,2,6,4,8,6,,,,,,,5.2043995,0
19,0.075,0,327,1,2,6,8,4,8,,,,,,,2.5294903,0
20,0.075,0,328,1,2,2,,8,6,,,,,,,2.9502457,0
21,0.075,0,329,2,2,2,,2,,,,,,,,1.6306169,1
22,0.075,0,331,5,2,4,,4,,,,,,,,7.1117638,1
23,0.075,0,336,10,2,8,,8,,,,,,,,3.9204942,1
24,0.075,0,346,17,2,8,4,8,4,,,,,,,4.1990995,1
25,0.075,0,363,26,2,8,2,8,2,,,,,,,3.9438639,1
26,0.075,0,389,-26,2,8,,8,6,,,,,,,4.3363802,0
27,0.075,0,363,2,2,6,,6,,,,,,,,1.7587964,1
28,0.075,0,365,-2,2,4,8,6,4,8,,,,,,3.6226488,0
29,0.075,0,363,2,2,4,8,4,8,,,,,,,2.9510534,1
30,0.075,0,365,5,2,2,4,2,4,,,,,,,2.4635468,1
31,0.075,0,370,10,2,8,2,8,2,,,,,,,6.4962141,1
32,0.075,0,380,17,2,4,,4,,,,,,,,4.7754675,1
33,0.075,0,397,26,2,2,,2,,,,,,,,2.7837386,1
34,0.075,0,423,37,2,4,8,4,8,,,,,,,2.7675628,1
35,0.075,0,460,50,2,8,2,2,8,,,,,,,5.2833736,1
36,0.075,0,510,-50,2,6,,6,8,,,,,,,6.0348688,0
37,0.075,0,460,2,2,6,,6,,,,,,,,4.8890977,1
38,0.075,0,462,5,2,4,2,2,4,,,,,,,5.247337,1
39,0.075,0,467,10,2,2,6,2,6,,,,,,,8.6318323,1
40,0.075,0,477,17,2,8,,8,,,,,,,,2.3995455,1
41,0.075,0,494,26,2,8,,8,,,,,,,,6.304379,1
42,0.075,0,520,-26,2,2,4,4,,,,,,,,7.135641,0
43,0.075,0,494,1,2,8,,8,2,,,,,,,3.7593156,0
44,0.075,0,495,1,2,8,4,6,4,,,,,,,4.2869022,0
45,0.075,0,496,2,2,8,,8,,,,,,,,8.440257,1
46,0.075,0,498,-2,2,6,,6,4,,,,,,,5.3351478,0
47,0.075,0,496,1,2,6,4,-1,,,,,,,,3.5205365,0
1,0.075,0,10,2,3,4,8,4,8,,,,,,,10.4419779,1
2,0.075,0,12,5,3,8,,8,,,,,,,,1.1920407,1
3,0.075,0,17,10,3,4,6,6,4,,,,,,,1.4859224,1
4,0.075,0,27,17,3,4,,4,,,,,,,,3.9153166,1
5,0.075,0,44,-17,3,6,,6,4,,,,,,,1.6203625,0
6,0.075,0,27,2,3,4,2,4,2,,,,,,,3.3423282,1
7,0.075,0,29,5,3,2,,2,,,,,,,,1.4408477,1
8,0.075,0,34,10,3,2,,2,,,,,,,,1.2875196,1
9,0.075,0,44,17,3,4,6,6,4,,,,,,,2.4398737,1
10,0.075,0,61,26,3,2,4,4,2,,,,,,,2.8306992,1
11,0.075,0,87,37,3,4,2,4,2,,,,,,,4.9189285,1
12,0.075,0,124,50,3,6,2,6,2,,,,,,,2.4564464,1
13,0.075,0,174,50,3,8,2,8,2,,,,,,,8.3357768,1
14,0.075,0,224,50,3,6,4,6,4,,,,,,,14.464043,1
15,0.075,0,274,-50,3,2,4,2,4,8,,,,,,21.6869838,0
16,0.075,0,224,2,3,6,8,6,8,,,,,,,7.1281089,1
17,0.075,0,226,5,3,6,4,6,4,,,,,,,8.4342951,1
18,0.075,0,231,10,3,6,,6,,,,,,,,5.6520223,1
19,0.075,0,241,-10,3,8,2,4,8,,,,,,,5.2559057,0
20,0.075,0,231,1,3,8,2,8,,,,,,,,6.2411778,0
21,0.075,0,232,1,3,2,6,2,,,,,,,,8.0707638,0
22,0.075,0,233,2,3,8,2,8,2,,,,,,,4.5593873,1
23,0.075,0,235,-2,3,4,2,6,4,,,,,,,10.6634525,0
1,0.075,0,50,2,4,4,,4,,,,,,,,14.4787948,1
2,0.075,0,52,5,4,8,2,8,2,,,,,,,1.5513636,1
3,0.075,0,57,10,4,8,6,8,6,,,,,,,1.4004189,1
4,0.075,0,67,17,4,6,8,6,8,,,,,,,1.7028557,1
5,0.075,0,84,26,4,8,2,8,2,,,,,,,1.8873891,1
6,0.075,0,110,37,4,2,8,8,2,,,,,,,2.3584335,1
7,0.075,0,147,50,4,8,6,8,6,,,,,,,1.6560779,1
8,0.075,0,197,50,4,2,,2,,,,,,,,5.0875604,1
9,0.075,0,247,50,4,2,6,6,2,,,,,,,1.8638811,1
10,0.075,0,297,50,4,8,6,8,6,,,,,,,1.5272326,1
11,0.075,0,347,50,4,4,6,4,6,,,,,,,1.3030671,1
12,0.075,0,397,50,4,6,8,8,6,,,,,,,1.215676,1
13,0.075,0,447,-50,4,8,,8,4,,,,,,,2.2484565,0
14,0.075,0,397,2,4,4,8,8,4,,,,,,,1.9592281,1
15,0.075,0,399,5,4,6,4,6,4,,,,,,,1.5027375,1
16,0.075,0,404,-5,4,2,4,4,,,,,,,,1.4243214,0
17,0.075,0,399,2,4,8,,8,,,,,,,,1.1275069,1
18,0.075,0,401,5,4,4,6,4,6,,,,,,,1.5772028,1
19,0.075,0,406,10,4,6,8,8,6,,,,,,,1.3655925,1
20,0.075,0,416,17,4,6,2,2,6,,,,,,,2.8801085,1
21,0.075,0,433,26,4,8,6,8,6,,,,,,,1.3201245,1
22,0.075,0,459,37,4,2,8,8,2,,,,,,,1.7433407,1
23,0.075,0,496,50,4,4,,4,,,,,,,,3.9677833,1
24,0.075,0,546,50,4,6,,6,,,,,,,,1.6958962,1
25,0.075,0,596,50,4,4,8,4,8,,,,,,,1.790659,1
26,0.075,0,646,50,4,2,,2,,,,,,,,1.6163035,1
27,0.075,0,696,50,4,2,4,4,2,,,,,,,2.0473661,1
28,0.075,0,746,50,4,6,8,8,6,,,,,,,1.4876359,1
29,0.075,0,796,50,4,2,,2,,,,,,,,2.5999058,1
30,0.075,0,846,-50,4,2,,2,6,2,,,,,,6.1114338,0
31,0.075,0,796,2,4,8,2,8,2,,,,,,,1.8553483,1
32,0.075,0,798,5,4,4,,4,,,,,,,,2.0790501,1
33,0.075,0,803,10,4,2,6,2,6,2,6,,,,,6.4241512,1
34,0.075,0,813,17,4,4,,4,,,,,,,,3.3757089,1
35,0.075,0,830,26,4,8,,8,,,,,,,,1.5361908,1
36,0.075,0,856,-26,4,6,,6,8,6,6,6,6,8,,8.6794883,0
37,0.075,0,830,1,4,2,,6,,,,,,,,7.7915099,0
38,0.075,0,831,1,4,4,2,4,,,,,,,,2.3035093,0
39,0.075,0,832,2,4,8,,8,,,,,,,,4.0147052,1
40,0.075,0,834,5,4,8,6,8,6,,,,,,,3.0002944,1
41,0.075,0,839,10,4,4,6,6,4,,,,,,,2.1752883,1
42,0.075,0,849,-10,4,2,,6,2,,,,,,,5.2730679,0
43,0.075,0,839,2,4,6,,6,,,,,,,,1.766263,1
44,0.075,0,841,5,4,4,,4,,,,,,,,1.8079636,1
45,0.075,0,846,10,4,2,,2,,,,,,,,4.4632009,1
46,0.075,0,856,17,4,6,,6,,,,,,,,2.5433312,1
47,0.075,0,873,-17,4,4,,8,,,,,,,,5.1695579,0
1,0.075,0,5,2,5,2,,2,,,,,,,,5.4662749,1
2,0.075,0,7,5,5,4,,4,,,,,,,,1.3102712,1
3,0.075,0,12,10,5,4,,4,,,,,,,,1.0075231,1
4,0.075,0,22,17,5,8,,8,,,,,,,,2.0808328,1
5,0.075,0,39,26,5,8,6,8,6,,,,,,,3.7738786,1
6,0.075,0,65,37,5,2,,2,,,,,,,,8.6467887,1
7,0.075,0,102,50,5,8,6,8,6,,,,,,,2.0809396,1
8,0.075,0,152,-50,5,4,8,4,,,,,,,,24.3072601,0
9,0.075,0,102,2,5,6,,6,,,,,,,,2.9301663,1
10,0.075,0,104,-2,5,8,2,4,8,,,,,,,3.4240332,0
11,0.075,0,102,1,5,8,,2,8,,,,,,,2.6871568,0
12,0.075,0,103,2,5,4,6,6,4,,,,,,,2.5191903,1
13,0.075,0,105,5,5,4,8,8,4,,,,,,,5.4721486,1
14,0.075,0,110,10,5,6,8,8,6,,,,,,,3.1271805,1
15,0.075,0,120,-10,5,2,8,6,8,,,,,,,4.4315318,0
16,0.075,0,110,2,5,6,,6,,,,,,,,1.8642676,1
17,0.075,0,112,-2,5,2,,4,2,,,,,,,7.8318734,0
1,0.075,0,10,2,6,8,6,8,6,,,,,,,17.0492973,1
2,0.075,0,12,5,6,6,8,8,6,,,,,,,1.1902181,1
3,0.075,0,17,10,6,8,,8,,,,,,,,1.0964638,1
4,0.075,0,27,17,6,8,6,8,6,,,,,,,1.4140762,1
5,0.075,0,44,26,6,2,6,6,2,,,,,,,2.5436689,1
6,0.075,0,70,37,6,4,,4,,,,,,,,1.207148,1
7,0.075,0,107,50,6,8,2,8,2,,,,,,,1.7446854,1
8,0.075,0,157,50,6,6,,6,,,,,,,,6.2856787,1
9,0.075,0,207,50,6,2,,2,,,,,,,,7.3033494,1
10,0.075,0,257,-50,6,4,,4,8,,,,,,,4.8884092,0
11,0.075,0,207,2,6,6,8,8,6,,,,,,,2.2710526,1
12,0.075,0,209,5,6,6,2,6,2,,,,,,,5.2396766,1
13,0.075,0,214,10,6,4,,4,,,,,,,,3.615725,1
14,0.075,0,224,-10,6,8,,6,8,,,,,,,3.0556296,0
15,0.075,0,214,2,6,4,,4,,,,,,,,6.1035332,1
16,0.075,0,216,-2,6,6,,6,4,,,,,,,1.8394041,0
17,0.075,0,214,1,6,4,8,6,8,,,,,,,1.9515226,0
18,0.075,0,215,2,6,4,8,8,4,8,4,,,,,6.9518558,1
19,0.075,0,217,5,6,4,8,8,4,,,,,,,6.7993355,1
20,0.075,0,222,10,6,2,,2,,,,,,,,6.1685116,1
21,0.075,0,232,17,6,4,,4,,,,,,,,4.126892,1
22,0.075,0,249,-17,6,4,2,8,2,4,,,,,,10.0236465,0
1,0.075,0,10,2,7,4,,4,,,,,,,,4.6430598,1
2,0.075,0,12,5,7,8,,8,,,,,,,,1.3027176,1
3,0.075,0,17,10,7,4,8,4,8,,,,,,,1.3836176,1
4,0.075,0,27,17,7,4,,4,,,,,,,,0.9024461,1
5,0.075,0,44,26,7,8,6,8,6,,,,,,,1.7278917,1
6,0.075,0,70,37,7,6,,6,,,,,,,,3.4392399,1
7,0.075,0,107,50,7,4,,4,,,,,,,,5.5719958,1
8,0.075,0,157,-50,7,8,6,8,4,8,6,,,,,13.7707181,0
9,0.075,0,107,1,7,6,4,8,6,2,4,,,,,3.2396404,0
10,0.075,0,108,2,7,6,,6,,,,,,,,5.5025123,1
11,0.075,0,110,5,7,2,,2,,,,,,,,3.5398002,1
12,0.075,0,115,10,7,8,6,8,6,,,,,,,1.884688,1
13,0.075,0,125,17,7,6,,6,,,,,,,,2.1263198,1
14,0.075,0,142,-17,7,8,4,4,6,6,4,8,4,,,16.4333839,0
15,0.075,0,125,2,7,8,,8,,,,,,,,3.965536,1
16,0.075,0,127,-2,7,6,4,4,,,,,,,,3.4874661,0
17,0.075,0,125,2,7,6,,6,,,,,,,,8.7054363,1
18,0.075,0,127,-2,7,4,2,4,,,,,,,,1.5186394,0
