Index,Stimulus,Background,Surrounding,Jump,Color,GapsR_1,GapsR_2,GapsP_1,GapsP_2,Time,Match
1,0.075,0,10,2,1,8,6,8,6,6.481056,1
2,0.075,0,12,5,1,6,,6,,3.4510244,1
3,0.075,0,17,10,1,2,4,2,4,5.4546134,1
4,0.075,0,27,17,1,4,8,8,4,6.5130616,1
5,0.075,0,44,-17,1,8,4,8,,20.7633995,0
6,0.075,0,27,2,1,4,,4,,5.7882603,1
7,0.075,0,29,5,1,4,8,8,4,3.9488619,1
8,0.075,0,34,10,1,4,6,4,6,6.1099134,1
9,0.075,0,44,-10,1,4,,8,4,8.8105871,0
10,0.075,0,34,2,1,8,,8,,7.7568568,1
11,0.075,0,36,-2,1,2,4,4,,7.1274857,0
12,0.075,0,34,2,1,2,,2,,7.1572919,1
13,0.075,0,36,5,1,8,6,8,6,6.3278772,1
14,0.075,0,41,10,1,4,6,4,6,4.4638249,1
15,0.075,0,51,17,1,2,,2,,7.9517263,1
16,0.075,0,68,-17,1,6,,-1,,12.2769158,0
17,0.075,0,51,1,1,2,8,8,,13.3864176,0
1,0.075,0,20,2,2,6,2,2,6,4.928961,1
2,0.075,0,22,5,2,8,6,8,6,3.7269276,1
3,0.075,0,27,10,2,8,6,8,6,3.3685321,1
4,0.075,0,37,17,2,4,8,8,4,2.9661469,1
5,0.075,0,54,26,2,4,,4,,4.7190831,1
6,0.075,0,80,37,2,4,,4,,8.1519038,1
7,0.075,0,117,50,2,2,,2,,20.4239727,1
8,0.075,0,167,-50,2,2,6,6,,10.9517728,0
9,0.075,0,117,2,2,2,8,8,2,21.2778369,1
10,0.075,0,119,5,2,4,2,4,2,8.6882211,1
11,0.075,0,124,10,2,6,,6,,8.2803875,1
12,0.075,0,134,17,2,8,4,8,4,7.5997269,1
13,0.075,0,151,26,2,2,,2,,5.7913614,1
14,0.075,0,177,37,2,2,,2,,13.5430169,1
15,0.075,0,214,50,2,2,8,8,2,15.0239265,1
16,0.075,0,264,-50,2,2,4,4,,16.7759601,0
17,0.075,0,214,2,2,2,,2,,6.4305087,1
18,0.075,0,216,-2,2,4,2,4,,8.5124548,0
19,0.075,0,214,2,2,8,,8,,5.2308224,1
20,0.075,0,216,-2,2,4,6,6,,9.2887664,0
21,0.075,0,214,2,2,4,,4,,5.5586863,1
22,0.075,0,216,5,2,8,,8,,5.6800226,1
23,0.075,0,221,10,2,2,,2,,7.6391267,1
24,0.075,0,231,17,2,8,6,8,6,10.6641855,1
25,0.075,0,248,-17,2,4,2,4,,11.703336,0
26,0.075,0,231,2,2,4,,4,,5.0482404,1
27,0.075,0,233,5,2,8,,8,,5.5835961,1
28,0.075,0,238,10,2,6,,6,,17.6871236,1
29,0.075,0,248,17,2,4,8,8,4,8.5763188,1
30,0.075,0,265,26,2,8,,8,,10.5676939,1
31,0.075,0,291,-26,2,2,,6,2,16.2207088,0
32,0.075,0,265,1,2,8,2,8,,12.8173389,0
33,0.075,0,266,2,2,8,,8,,11.1029057,1
34,0.075,0,268,5,2,8,4,8,4,8.8493316,1
35,0.075,0,273,10,2,4,,4,,10.0152769,1
36,0.075,0,283,-10,2,2,,4,,13.4785633,0
37,0.075,0,273,1,2,6,8,8,,16.89588,0
38,0.075,0,274,2,2,2,,2,,11.2716317,1
39,0.075,0,276,5,2,6,2,2,6,18.0081499,1
40,0.075,0,281,10,2,8,,8,,15.6556349,1
41,0.075,0,291,17,2,8,2,8,2,17.8882906,1
42,0.075,0,308,26,2,8,6,8,6,12.8398115,1
43,0.075,0,334,37,2,6,,6,,15.2630876,1
44,0.075,0,371,50,2,6,,6,,48.1489589,1
45,0.075,0,421,-50,2,2,4,-1,,10.7299631,0
46,0.075,0,371,1,2,2,8,-1,,7.8814615,0
47,0.075,0,372,1,2,2,4,-1,,7.862853,0
48,0.075,0,373,1,2,6,4,-1,,8.342679,0
49,0.075,0,374,1,2,8,4,8,6,13.591164,0
1,0.075,0,10,2,3,2,8,8,2,21.2948501,1
2,0.075,0,12,5,3,8,6,8,6,3.5993559,1
3,0.075,0,17,10,3,2,4,4,2,3.8630721,1
4,0.075,0,27,-10,3,4,2,8,2,5.5365367,0
5,0.075,0,17,2,3,4,6,4,6,2.8939765,1
6,0.075,0,19,5,3,4,,4,,3.8309927,1
7,0.075,0,24,10,3,2,8,8,2,3.0807499,1
8,0.075,0,34,17,3,2,,2,,4.2550733,1
9,0.075,0,51,26,3,2,6,6,2,7.5517537,1
10,0.075,0,77,37,3,8,,8,,7.8150036,1
11,0.075,0,114,50,3,6,4,4,6,12.5124455,1
12,0.075,0,164,50,3,4,8,8,4,38.8406255,1
13,0.075,0,214,-50,3,6,,-1,,30.4231661,0
14,0.075,0,164,1,3,2,6,4,6,17.2958939,0
15,0.075,0,165,2,3,6,,6,,7.0545387,1
16,0.075,0,167,-2,3,6,2,6,,8.5586889,0
17,0.075,0,165,2,3,6,,6,,20.6080095,1
18,0.075,0,167,-2,3,2,4,4,,12.80048,0
19,0.075,0,165,2,3,4,,4,,8.4232573,1
20,0.075,0,167,5,3,8,,8,,18.263719,1
21,0.075,0,172,-5,3,8,6,8,,14.168235,0
1,0.075,0,50,2,4,6,,6,,22.4019704,1
2,0.075,0,52,5,4,4,2,4,2,3.254198,1
3,0.075,0,57,10,4,4,2,4,2,2.7196595,1
4,0.075,0,67,17,4,4,,4,,2.4003304,1
5,0.075,0,84,26,4,2,8,8,2,2.3818398,1
6,0.075,0,110,37,4,4,2,4,2,3.5123227,1
7,0.075,0,147,50,4,8,,8,,2.8628955,1
8,0.075,0,197,50,4,2,4,4,2,3.0396768,1
9,0.075,0,247,50,4,2,4,4,2,6.2162963,1
10,0.075,0,297,50,4,2,8,8,2,6.9918096,1
11,0.075,0,347,50,4,8,,8,,3.1517205,1
12,0.075,0,397,50,4,2,,2,,9.8306686,1
13,0.075,0,447,50,4,4,8,8,4,7.2721575,1
14,0.075,0,497,50,4,4,2,4,2,16.0386195,1
15,0.075,0,547,50,4,2,6,6,2,12.6803235,1
16,0.075,0,597,50,4,8,,8,,7.5352211,1
17,0.075,0,647,50,4,6,,6,,6.7519401,1
18,0.075,0,697,50,4,8,6,8,6,12.2001357,1
19,0.075,0,747,50,4,4,,4,,12.1667379,1
20,0.075,0,797,50,4,8,,8,,9.5190871,1
21,0.075,0,847,-50,4,4,8,4,,12.9916242,0
22,0.075,0,797,2,4,2,,2,,5.4157105,1
23,0.075,0,799,5,4,8,,8,,5.8478491,1
24,0.075,0,804,10,4,2,,2,,11.1439303,1
25,0.075,0,814,-10,4,4,2,4,,7.5599766,0
26,0.075,0,804,2,4,4,,4,,8.287229,1
27,0.075,0,806,-2,4,6,2,6,,6.8472785,0
28,0.075,0,804,2,4,8,,8,,11.9598857,1
29,0.075,0,806,-2,4,8,4,4,,5.5029657,0
30,0.075,0,804,1,4,2,6,6,,14.1048761,0
1,0.075,0,5,2,5,2,,2,,23.8019432,1
2,0.075,0,7,5,5,6,4,6,4,2.5354962,1
3,0.075,0,12,10,5,4,,4,,2.7511109,1
4,0.075,0,22,17,5,4,,4,,3.8783415,1
5,0.075,0,39,26,5,4,,4,,8.0308187,1
6,0.075,0,65,-26,5,2,,-1,,11.7603128,0
7,0.075,0,39,2,5,2,,2,,3.8632952,1
8,0.075,0,41,5,5,6,,6,,7.2159657,1
9,0.075,0,46,10,5,8,,8,,7.927908,1
10,0.075,0,56,17,5,8,2,8,2,6.6084063,1
11,0.075,0,73,26,5,4,,4,,13.0634126,1
12,0.075,0,99,-26,5,6,,-1,,9.3107667,0
13,0.075,0,73,2,5,8,2,8,2,12.3986512,1
14,0.075,0,75,-2,5,6,2,6,,10.3349692,0
15,0.075,0,73,2,5,4,8,8,4,8.3724327,1
16,0.075,0,75,5,5,8,2,8,2,5.0993888,1
17,0.075,0,80,-5,5,4,8,8,,13.7442462,0
18,0.075,0,75,2,5,8,,8,,13.4953909,1
19,0.075,0,77,-2,5,8,4,4,,6.6549828,0
20,0.075,0,75,2,5,4,,4,,7.3915367,1
21,0.075,0,77,5,5,2,,2,,16.720397,1
22,0.075,0,82,-5,5,8,6,6,,7.2727072,0
1,0.075,0,10,2,6,8,,8,,5.883185,1
2,0.075,0,12,5,6,2,,2,,2.8229358,1
3,0.075,0,17,10,6,4,2,4,2,11.2001092,1
4,0.075,0,27,17,6,8,2,8,2,3.910999,1
5,0.075,0,44,26,6,8,6,8,6,16.4636636,1
6,0.075,0,70,37,6,8,4,8,4,4.7589367,1
7,0.075,0,107,-37,6,2,4,4,,13.6478372,0
8,0.075,0,70,2,6,2,8,8,2,4.8788491,1
9,0.075,0,72,5,6,8,,8,,4.9520613,1
10,0.075,0,77,10,6,4,,4,,3.3594152,1
11,0.075,0,87,17,6,2,4,4,2,8.1036183,1
12,0.075,0,104,26,6,4,2,4,2,8.4798352,1
13,0.075,0,130,-26,6,2,4,4,,15.9984717,0
14,0.075,0,104,2,6,6,2,6,2,5.8004074,1
15,0.075,0,106,5,6,2,8,8,2,7.0949779,1
16,0.075,0,111,10,6,6,2,6,2,9.3760489,1
17,0.075,0,121,17,6,6,2,6,2,9.1519849,1
18,0.075,0,138,26,6,2,4,4,2,9.7266751,1
19,0.075,0,164,37,6,8,6,8,6,21.9195867,1
20,0.075,0,201,-37,6,4,8,-1,,8.5433798,0
21,0.075,0,164,1,6,2,,6,,13.7932882,0
22,0.075,0,165,1,6,4,8,4,,5.8063033,0
23,0.075,0,166,1,6,8,4,4,,14.5115077,0
24,0.075,0,167,1,6,8,2,-1,,13.7200888,0
1,0.075,0,10,2,7,6,8,8,6,15.4174743,1
2,0.075,0,12,5,7,4,6,4,6,2.8948875,1
3,0.075,0,17,10,7,4,6,4,6,2.7273137,1
4,0.075,0,27,17,7,4,,4,,2.480419,1
5,0.075,0,44,26,7,8,4,8,4,4.919236,1
6,0.075,0,70,37,7,8,,8,,8.3427524,1
7,0.075,0,107,-37,7,2,8,8,,17.4795209,0
8,0.075,0,70,2,7,2,6,6,2,9.1910757,1
9,0.075,0,72,5,7,6,,6,,10.5270871,1
10,0.075,0,77,10,7,4,,4,,5.161229,1
11,0.075,0,87,17,7,6,,6,,10.7338286,1
12,0.075,0,104,26,7,6,8,8,6,12.624561,1
13,0.075,0,130,-26,7,2,8,4,,18.0470935,0
14,0.075,0,104,2,7,8,4,8,4,6.8150397,1
15,0.075,0,106,5,7,4,6,4,6,19.1274636,1
16,0.075,0,111,10,7,6,4,4,6,11.4951471,1
17,0.075,0,121,17,7,4,8,8,4,10.6796901,1
18,0.075,0,138,-17,7,2,6,6,,12.7205197,0
19,0.075,0,121,1,7,2,,8,2,8.7200495,0
20,0.075,0,122,1,7,8,2,4,,11.0456705,0
21,0.075,0,123,2,7,6,4,4,6,23.7277292,1
22,0.075,0,125,-2,7,2,8,8,,11.9373999,0
