Index,Stimulus,Background,Surrounding,Jump,Color,GapsR_1,GapsR_2,GapsP_1,GapsP_2,Time,Match
1,0.075,0,50,2,1,2,6,6,2,10.710352,1
2,0.075,0,52,-2,1,2,4,2,,6.2331555,0
3,0.075,0,50,2,1,4,8,8,4,2.7063113,1
4,0.075,0,52,5,1,2,8,8,2,2.3569729,1
5,0.075,0,57,10,1,2,,2,,4.355963,1
6,0.075,0,67,17,1,4,2,4,2,2.5874246,1
7,0.075,0,84,26,1,8,6,8,6,3.7814383,1
8,0.075,0,110,37,1,4,,4,,7.7198199,1
9,0.075,0,147,-37,1,2,,4,,151.958567,0
10,0.075,0,110,2,1,6,,6,,2.5758886,1
11,0.075,0,112,5,1,6,,6,,1.8230555,1
12,0.075,0,117,10,1,4,2,4,2,2.162181,1
13,0.075,0,127,-10,1,6,2,4,2,1.8842806,0
14,0.075,0,117,1,1,4,6,6,,1.8255867,0
15,0.075,0,118,2,1,4,,4,,6.7630635,1
16,0.075,0,120,5,1,4,8,8,4,3.5289797,1
17,0.075,0,125,-5,1,6,4,4,,5.6730455,0
18,0.075,0,120,2,1,4,,4,,4.6617261,1
19,0.075,0,122,5,1,6,4,4,6,5.3275035,1
20,0.075,0,127,-5,1,6,2,2,,3.872685,0
1,0.075,0,100,2,2,4,8,4,8,3.4992278,1
2,0.075,0,102,5,2,4,,4,,1.4706045,1
3,0.075,0,107,-5,2,8,6,6,,1.2803933,0
4,0.075,0,102,2,2,8,4,8,4,1.6863499,1
5,0.075,0,104,5,2,2,,2,,1.4422039,1
6,0.075,0,109,10,2,2,,2,,2.1570235,1
7,0.075,0,119,17,2,2,6,6,2,1.5844244,1
8,0.075,0,136,26,2,4,,4,,2.2954883,1
9,0.075,0,162,37,2,6,8,6,8,2.9989054,1
10,0.075,0,199,50,2,8,,8,,4.7126075,1
11,0.075,0,249,50,2,2,8,8,2,5.0945835,1
12,0.075,0,299,-50,2,2,4,8,2,5.7680209,0
13,0.075,0,249,2,2,6,8,8,6,3.2388952,1
14,0.075,0,251,5,2,4,2,2,4,6.1519721,1
15,0.075,0,256,10,2,8,2,8,2,3.4004516,1
16,0.075,0,266,17,2,8,6,8,6,2.695552,1
17,0.075,0,283,26,2,2,,2,,2.4794118,1
18,0.075,0,309,37,2,4,,4,,3.7834867,1
19,0.075,0,346,50,2,2,,2,,5.8478961,1
20,0.075,0,396,50,2,8,4,4,8,6.5670892,1
21,0.075,0,446,50,2,8,,8,,7.110987,1
22,0.075,0,496,50,2,6,,6,,11.8678716,1
23,0.075,0,546,-50,2,6,2,2,,4.1408473,0
24,0.075,0,496,1,2,8,6,8,,4.1743997,0
25,0.075,0,497,1,2,8,2,2,,4.6312489,0
26,0.075,0,498,1,2,2,4,2,,5.696356,0
27,0.075,0,499,1,2,2,6,4,,3.0337671,0
1,0.075,0,50,2,3,6,,6,,3.0861558,1
2,0.075,0,52,5,3,2,,2,,28.4873976,1
3,0.075,0,57,10,3,6,4,6,4,1.9295676,1
4,0.075,0,67,17,3,4,8,8,4,2.3413598,1
5,0.075,0,84,26,3,4,6,6,4,2.528201,1
6,0.075,0,110,37,3,6,4,6,4,2.7984647,1
7,0.075,0,147,50,3,4,,4,,8.927743,1
8,0.075,0,197,50,3,2,,2,,13.3843662,1
9,0.075,0,247,-50,3,6,8,6,,6.9261634,0
10,0.075,0,197,1,3,4,,2,,3.9119647,0
11,0.075,0,198,1,3,2,4,-1,,2.9600985,0
12,0.075,0,199,1,3,4,8,-1,,2.238614,0
13,0.075,0,200,1,3,8,6,-1,,1.3284982,0
1,0.075,0,500,2,4,2,,2,,5.3180706,1
2,0.075,0,502,5,4,6,,6,,2.1263967,1
3,0.075,0,507,10,4,2,8,8,2,2.8637655,1
4,0.075,0,517,17,4,4,,4,,1.5588817,1
5,0.075,0,534,26,4,2,6,6,2,3.1131158,1
6,0.075,0,560,37,4,8,4,8,4,2.21617,1
7,0.075,0,597,50,4,4,,4,,3.2383464,1
8,0.075,0,647,50,4,6,8,6,8,2.1978667,1
9,0.075,0,697,50,4,4,,4,,3.2814443,1
10,0.075,0,747,50,4,4,8,8,4,4.0314766,1
11,0.075,0,797,50,4,2,,2,,2.7275089,1
12,0.075,0,847,50,4,8,4,8,4,3.7914144,1
13,0.075,0,897,50,4,6,2,2,6,6.7749332,1
14,0.075,0,947,50,4,2,4,2,4,3.8556207,1
15,0.075,0,997,50,4,6,4,6,4,3.7120329,1
16,0.075,0,1047,50,4,6,,6,,4.7438368,1
1,0.075,0,40,2,5,4,,4,,6.0292865,1
2,0.075,0,42,5,5,8,,8,,4.0818732,1
3,0.075,0,47,10,5,8,6,6,8,3.3173996,1
4,0.075,0,57,17,5,4,,4,,3.0955949,1
5,0.075,0,74,26,5,8,4,8,4,4.8706777,1
6,0.075,0,100,37,5,8,2,8,2,7.8402671,1
7,0.075,0,137,-37,5,4,6,-1,,3.6554243,0
8,0.075,0,100,1,5,2,4,2,,3.161102,0
9,0.075,0,101,2,5,4,,4,,4.5512157,1
10,0.075,0,103,-2,5,4,,-1,,4.4609035,0
11,0.075,0,101,1,5,8,4,-1,,2.8657101,0
12,0.075,0,102,2,5,8,2,2,8,6.7279457,1
13,0.075,0,104,5,5,2,6,2,6,4.2232211,1
14,0.075,0,109,-5,5,4,8,8,,3.5346372,0
1,0.075,0,80,-0,6,6,4,6,,3.216864,0
2,0.075,0,80,2,6,8,,8,,3.0546447,1
3,0.075,0,82,-2,6,4,2,2,,1.7269952,0
4,0.075,0,80,2,6,6,8,6,8,2.2400668,1
5,0.075,0,82,5,6,2,,2,,2.3024415,1
6,0.075,0,87,10,6,4,,4,,2.2950246,1
7,0.075,0,97,17,6,4,2,4,2,3.2077006,1
8,0.075,0,114,26,6,2,,2,,2.6734295,1
9,0.075,0,140,37,6,6,8,8,6,4.774675,1
10,0.075,0,177,50,6,6,4,4,6,2.9514191,1
11,0.075,0,227,50,6,6,8,6,8,4.6942834,1
12,0.075,0,277,-50,6,2,,8,2,3.837159,0
13,0.075,0,227,2,6,2,,2,,9.106807,1
14,0.075,0,229,5,6,4,,4,,4.1114861,1
15,0.075,0,234,-5,6,8,,6,8,4.8229449,0
16,0.075,0,229,1,6,8,4,4,,2.2393549,0
17,0.075,0,230,1,6,8,2,8,,1.5031414,0
1,0.075,0,50,2,7,8,,8,,3.3129976,1
2,0.075,0,52,5,7,6,,6,,2.6485126,1
3,0.075,0,57,10,7,4,8,8,4,3.1994679,1
4,0.075,0,67,17,7,4,8,8,4,2.6626039,1
5,0.075,0,84,26,7,2,4,2,4,4.5608524,1
6,0.075,0,110,37,7,8,2,8,2,3.7010793,1
7,0.075,0,147,50,7,4,,4,,4.6020345,1
8,0.075,0,197,-50,7,2,,-1,,4.9487751,0
9,0.075,0,147,1,7,4,8,4,,4.7651844,0
10,0.075,0,148,1,7,8,2,8,4,2.2986175,0
11,0.075,0,149,1,7,6,,2,,2.6316745,0
12,0.075,0,150,1,7,6,,-1,,17.1987185,0
